37,4
33,3
37,1
37,3
31,1
31,3
35,1
35,3
0,273
0,270
28,1
28,3
10,125
9,5
8,15
3,2
3,1
3,3
10,150
10,220
10,26
10,196
10,148
10,198
10,286
10,1
10,74
10,2
10,3
11,28
11,26
11,12
11,14
11,4
11,1
11,20
11,2
11,3
9,7
9,4
9,1
9,6
9,2
9,3
8,14
8,18
8,6
8,13
8,4
8,1
8,16
8,2
8,3
12,2
12,1
12,3
20,2
20,1
20,3
19,2
19,1
19,3
48,4
18,1
48,3
48,2
18,3
48,1
48,0
47,5
14,1
47,4
14,3
47,3
13,1
47,2
13,3
47,1
47,0
44,5
44,4
44,3
44,2
44,1
44,0
42,5
42,4
42,3
42,2
42,1
42,0
38,4
2,2
38,3
2,1
38,2
38,1
2,3
38,0
33,1
33,5
0,472
0,0
49,34
